
lat_north = 44.096359
lat_south = 44.095289
lon_east  = 9.865423
lon_west  = 9.863527
